%YAML:1.0
# Input-output configuration
input: [848, 800]
output: [800, 800]

# Camera calibration parameter
K1: !!opencv-matrix
   rows: 3
   cols: 3
   dt: d
   data: [ 285.859802246094, 0.0, 425.286895751953,
           0.0, 285.792694091797, 394.227203369141, 
           0.0, 0.0, 1.0 ]
D1: !!opencv-matrix
   rows: 1
   cols: 4
   dt: d
   data: [ -0.0106865502893925,     0.046203039586544,       -0.042008351534605 ,     0.00747385108843446]
K2: !!opencv-matrix
   rows: 3
   cols: 3
   dt: d
   data: [ 286.111389160156, 0.0, 430.764190673828,
           0.0, 286.109710693359, 398.595001220703, 
           0.0, 0.0, 1.0 ]
D2: !!opencv-matrix
   rows: 1
   cols: 4
   dt: d
   data: [ -0.00941748358309269 ,   0.0464588813483715,      -0.044249389320612,      0.00845783762633801]
R: !!opencv-matrix
   rows: 3
   cols: 3
   dt: d
   data: [ 0.999959,        -0.0052984,       -0.00729972,    
         0.00533112,       0.999976,         0.00447045,    
         0.00727586,      -0.00450918,       0.999963]
T: [ 0.0642282888293266,  2.43861613853369e-05,  -0.000248481548624113 ]
